import numpy as np
from ant_colony import CVPR

data=np.matrix( [
    [0, 13, 6, 55, 93, 164, 166, 168, 169, 241, 212],
    [13, 0, 11, 66, 261, 175, 177, 179, 180, 239, 208],
    [6, 11, 0, 60, 97, 168, 171, 173, 174, 239, 209],
    [55, 66, 60, 0, 82, 113, 115, 117, 117, 295, 265],
    [93, 261, 97, 82, 0, 113, 115, 117, 118, 333, 302],
    [164, 175, 168, 113, 113, 0, 6, 7, 4, 403, 374],
    [166, 177, 171, 115, 115, 6, 0, 8, 7, 406, 376],
    [168, 179, 173, 117, 117, 7, 8, 0, 3, 408, 378],
    [169, 180, 174, 117, 118, 4, 7, 3, 0, 409, 379],
    [241, 239, 239, 295, 333, 403, 406, 408, 409, 0, 46],
    [212, 208, 209, 265, 302, 374, 376, 378, 379, 46, 0]
])

cvpr=CVPR(data,demande=[0, 5, 20, 10, 20, 85,65, 30, 20, 70, 30],n_vehicules=6,capacity=100)

print(cvpr.ant_colony_optimization(n_ants=50, n_iterations=2, alpha=1, beta=2, evaporation_rate=0.5, Q=10))

print(f"demande: {cvpr.demande}")
print(f"capacity: {cvpr.capacity}")
